MEMORY
  total           15585 KB
  struct            159 KB
  buffer           1090 KB
  arena           14336 KB, used 1.3%

SIZES
  narena                14680064
  nbuffer               1116064
  nplugin               0
  maxuse_stack          29580
  maxuse_arena          194820
  maxuse_con            51
  maxuse_efc            205
  ncon                  16
  ne                    0
  nf                    0
  nl                    2
  nefc                  66
  nJ                    1188
  nA                    0
  nisland               1
  nidof                 18
  ntree_awake           1
  nbody_awake           14
  nparent_awake         13
  nv_awake              18
  threadpool            0

TIMER
    0:  duration =  0.41       number = 1
    1:  duration =  0.41       number = 1
    2:  duration =  0          number = 0
    3:  duration =  0.39       number = 1
    4:  duration =  0.0033     number = 1
    5:  duration =  0.0007     number = 1
    6:  duration =  0.015      number = 1
    7:  duration =  0.00072    number = 1
    8:  duration =  0.0091     number = 1
    9:  duration =  0.0021     number = 1
    10:  duration =  0.36       number = 1
    11:  duration =  0.016      number = 1
    12:  duration =  0.00012    number = 1
    13:  duration =  0.0073     number = 1
    14:  duration =  0.32       number = 1

SOLVER STAT
  solver_fwdinv =   0         0       
  ISLAND 0
    solver_niter = 1
    solver_nnz = 324
      0:  improvement =  0.17        gradient =  4.2e-16     lineslope =  0       
          nactive = 66   nchange = 0   neval = 2   nupdate = 0

ENERGY =   0         0       

TIME =  60      

QPOS
   0.14    
   0.9     
   0.2     
  -0.16    
  -0.37    
  -0.26    
   0.88    
   2.7     
   2.6     
  -1.7     
  -3.2     
   0.94    
  -0.065   
  -0.91    
   3.1     
  -1.8     
   0.73    
  -0.41    
   0.0044  

QVEL
  -2e-06   
   3.6e-06 
   1.9e-06 
   1.2e-05 
   9.7e-06 
   1.7e-05 
   0.00031 
  -0.00032 
  -6.1e-07 
   6.3e-05 
  -0.0056  
   0.022   
   1.4e-05 
   1.2e-06 
   3.3e-06 
  -0.00063 
   0.059   
   0.0061  

QACC_WARMSTART
   0.003   
   0.00085 
  -0.0023  
   0.005   
  -0.0042  
  -0.0022  
  -0.014   
   0.0067  
  -0.0057  
   0.27    
   50      
   2       
   0.015   
  -0.025   
  -0.019   
   0.19    
  -11      
   3.4     

CTRL
   0       
   0       
  -0.81    
  -1       
   0       
   0       
   0       
   0       
   0       
   0       
   0       
   0       

QFRC_APPLIED
   0       
   0       
   0       
   0       
   0       
   0       
   0       
   0       
   0       
   0       
   0       
   0       
   0       
   0       
   0       
   0       
   0       
   0       

XFRC_APPLIED
   0         0         0         0         0         0       
   0         0         0         0         0         0       
   0         0         0         0         0         0       
   0         0         0         0         0         0       
   0         0         0         0         0         0       
   0         0         0         0         0         0       
   0         0         0         0         0         0       
   0         0         0         0         0         0       
   0         0         0         0         0         0       
   0         0         0         0         0         0       
   0         0         0         0         0         0       
   0         0         0         0         0         0       
   0         0         0         0         0         0       
   0         0         0         0         0         0       

QACC
   0.003   
   0.00085 
  -0.0023  
   0.005   
  -0.0042  
  -0.0022  
  -0.014   
   0.0067  
  -0.0057  
   0.27    
   50      
   2       
   0.015   
  -0.025   
  -0.019   
   0.19    
  -11      
   3.4     

TREE_ASLEEP
  -11

XPOS
   0         0         0       
   0.14      0.9       0.2     
   0.054     0.99      0.27    
   0.089     1         0.19    
   0.18      1.1       0.12    
  -0.07      1.3       0.048   
  -0.12      1.1       0.22    
  -0.14      1.1       0.2     
   0.18      0.77      0.17    
   0.26      0.82      0.14    
   0.27      0.89      0.044   
   0.0096    1.1       0.048   
  -0.21      1.2       0.081   
  -0.22      1.2       0.074   

XQUAT
   1         0         0         0       
  -0.16     -0.37     -0.26      0.88    
  -0.71     -0.42      0.12      0.55    
  -0.71     -0.42      0.32      0.47    
   0.13      0.13     -0.94      0.28    
  -0.89      0.24     -0.18     -0.34    
  -0.22     -0.85     -0.44      0.21    
   0.64     -0.4      -0.66     -0.011   
  -0.36     -0.42     -0.24      0.8     
  -0.0053    0.11      0.42     -0.9     
   0.22      0.93      0.18     -0.21    
   0.13      0.81      0.5      -0.28    
  -0.15      0.052     0.95     -0.27    
  -0.53     -0.3      -0.38      0.69    

XMAT
   1         0         0         0         1         0         0         0         1       
  -0.67      0.47     -0.57     -0.08     -0.81     -0.58     -0.73     -0.34      0.59    
   0.36      0.69     -0.63     -0.89      0.039    -0.46     -0.29      0.72      0.63    
   0.35      0.41     -0.84     -0.93      0.21     -0.29      0.058     0.89      0.45    
  -0.94     -0.31     -0.17     -0.17      0.81     -0.56      0.31     -0.49     -0.81    
   0.71     -0.69      0.17      0.51      0.66      0.56     -0.49     -0.31      0.81    
   0.53      0.83     -0.17      0.64     -0.52     -0.56     -0.55      0.19     -0.81    
   0.13      0.54     -0.83      0.51      0.68      0.52      0.85     -0.5      -0.19    
  -0.39      0.77     -0.5      -0.36     -0.63     -0.69     -0.84     -0.09      0.53    
  -0.98      0.083    -0.2       0.1      -0.65     -0.75     -0.19     -0.76      0.62    
   0.85      0.43     -0.32      0.24     -0.84     -0.5      -0.48      0.34     -0.81    
   0.34      0.89     -0.32      0.74     -0.46     -0.5      -0.58     -0.067    -0.81    
  -0.95      0.017    -0.32      0.18      0.85     -0.5       0.26     -0.53     -0.81    
  -0.25      0.97     -0.017    -0.51     -0.15     -0.85     -0.82     -0.21      0.53    

XIPOS
   0         0         0       
   0.044     0.82      0.26    
   0.087     1         0.2     
   0.14      1.1       0.16    
   0.096     1.1       0.12    
  -0.094     1.2       0.11    
  -0.13      1.1       0.2     
  -0.11      1.1       0.21    
   0.25      0.82      0.14    
   0.27      0.87      0.094   
   0.2       0.98      0.064   
  -0.08      1.2       0.056   
  -0.22      1.2       0.065   
  -0.24      1.3       0.054   

XIMAT
   1         0         0         0         1         0         0         0         1       
  -0.64      0.39     -0.66      0.058    -0.83     -0.55     -0.77     -0.39      0.51    
   0.99      0.097     0.052    -0.041     0.77     -0.64     -0.1       0.63      0.77    
   0.68     -0.72     -0.12     -0.65     -0.52     -0.55      0.33      0.45     -0.83    
  -0.21      0.65      0.73     -0.56      0.53     -0.64     -0.8      -0.54      0.25    
  -0.96      0.16      0.22      0.27      0.54      0.79      0.013     0.82     -0.57    
   0.53      0.83     -0.17      0.64     -0.52     -0.56     -0.55      0.19     -0.81    
   0.57     -0.13     -0.81      0.66     -0.51      0.55     -0.49     -0.85     -0.21    
   0.3      -0.097    -0.95     -0.69      0.67     -0.28      0.66      0.74      0.13    
  -0.84      0.45     -0.31      0.55      0.7      -0.46      0.014    -0.55     -0.83    
  -0.32     -0.52     -0.79     -0.45     -0.65      0.61     -0.83      0.55     -0.031   
   0.34     -0.31     -0.89      0.73     -0.51      0.45     -0.59     -0.8       0.049   
  -0.95      0.017    -0.32      0.18      0.85     -0.5       0.26     -0.53     -0.81    
   0.97      0.25      0.018    -0.12      0.51     -0.85     -0.23      0.82      0.52    

XANCHOR
   0.14      0.9       0.2     
   0.054     0.99      0.27    
   0.089     1         0.19    
   0.18      1.1       0.12    
  -0.07      1.3       0.048   
  -0.12      1.1       0.22    
  -0.14      1.1       0.2     
   0.18      0.77      0.17    
   0.26      0.82      0.14    
   0.27      0.89      0.044   
   0.0096    1.1       0.048   
  -0.21      1.2       0.081   
  -0.22      1.2       0.074   

XAXIS
   0         0         1       
  -0.63     -0.46      0.63    
  -0.84     -0.29      0.45    
  -0.17     -0.56     -0.81    
   0.17      0.56      0.81    
  -0.17     -0.56     -0.81    
  -0.83      0.52     -0.19    
  -0.5      -0.69      0.53    
  -0.2      -0.75      0.62    
  -0.32     -0.5      -0.81    
  -0.32     -0.5      -0.81    
  -0.32     -0.5      -0.81    
  -0.017    -0.85      0.53    

GEOM_XPOS
   0         0         0       
   0.18      0.78      0.17    
   0.072     1         0.25    
   0.046     0.98      0.27    
   0.17      0.76      0.18    
   0.13      0.89      0.2     
   0.059     0.99      0.26    
   0.19      0.79      0.16    
   0.035     0.94      0.29    
   0.061     0.82      0.28    
   0.0056    0.8       0.4     
  -0.0024    0.86      0.38    
   0.038     0.7       0.3     
  -0.061     0.89      0.3     
  -0.032     0.84      0.34    
  -0.11      0.93      0.25    
   0.016     0.69      0.12    
  -0.19      0.93      0.18    
   0.04      0.79      0.33    
   0.045     0.68      0.32    
  -0.042     0.83      0.39    
  -0.06      0.65      0.051   
  -0.038     0.83      0.36    
   0.038     0.7       0.22    
   0.043     0.71      0.28    
   0.017     0.69      0.13    
  -0.11      0.95      0.24    
   0.071     1         0.23    
   0.078     1         0.21    
   0.075     1         0.2     
   0.1       1.1       0.18    
   0.1       1         0.19    
   0.14      1.1       0.16    
   0.066     1.3       0.054   
  -0.032     1.3       0.0077  
   0.13      1.2       0.078   
   0.1       1.2       0.13    
   0.19      1.1       0.17    
   0.13      1.2       0.091   
  -0.027     1.3       0.03    
   0.062     1.2       0.044   
  -0.067     1.3       0.062   
   0.1       1.2       0.11    
  -0.073     1.3       0.033   
   0.094     1.1       0.16    
   0.047     1.2       0.11    
  -0.066     1.3       0.069   
   0.19      1.1       0.17    
   0.18      1.1       0.13    
   0.18      1.1       0.15    
   0.18      1.1       0.16    
   0.1       1.2       0.15    
   0.11      1.2       0.16    
   0.18      1.1       0.13    
   0.18      1.1       0.12    
   0.1       1.2       0.13    
   0.098     1.2       0.12    
  -0.081     1.2       0.084   
  -0.1       1.2       0.067   
  -0.1       1.2       0.1     
  -0.034     1.3       0.073   
  -0.066     1.3       0.068   
  -0.071     1.3       0.042   
  -0.058     1.2       0.077   
  -0.061     1.2       0.061   
  -0.069     1.3       0.098   
  -0.095     1.2       0.1     
  -0.12      1.1       0.22    
  -0.039     1.3       0.08    
  -0.042     1.3       0.066   
  -0.097     1.2       0.13    
  -0.11      1.2       0.12    
  -0.091     1.2       0.08    
  -0.056     1.2       0.063   
  -0.097     1.2       0.093   
  -0.096     1.2       0.097   
  -0.09      1.2       0.13    
  -0.093     1.2       0.11    
  -0.078     1.3       0.096   
  -0.079     1.3       0.091   
  -0.085     1.2       0.062   
  -0.082     1.2       0.077   
  -0.094     1.2       0.089   
  -0.11      1.2       0.098   
  -0.081     1.2       0.099   
  -0.086     1.3       0.091   
  -0.09      1.2       0.098   
  -0.097     1.2       0.094   
  -0.097     1.2       0.094   
  -0.07      1.3       0.091   
  -0.079     1.3       0.094   
  -0.079     1.3       0.094   
  -0.12      1.1       0.2     
  -0.13      1.1       0.2     
  -0.14      1.1       0.2     
  -0.15      1.1       0.19    
  -0.13      1.1       0.18    
  -0.14      1.1       0.2     
  -0.12      1.1       0.22    
  -0.12      1.1       0.22    
  -0.11      1.1       0.2     
  -0.12      1.1       0.2     
  -0.13      1.1       0.18    
  -0.079     1.1       0.22    
  -0.083     1.1       0.23    
  -0.084     1.1       0.19    
  -0.09      1         0.19    
  -0.15      1.1       0.19    
  -0.12      1.1       0.21    
   0.25      0.81      0.15    
   0.24      0.81      0.15    
   0.26      0.84      0.13    
   0.28      0.78      0.15    
   0.26      0.84      0.13    
   0.27      0.87      0.094   
   0.072     1         0.098   
  -0.027     1.1       0.07    
   0.29      0.93      0.099   
   0.16      0.94      0.084   
   0.29      0.93      0.097   
   0.16      0.95      0.097   
  -0.019     1.1       0.093   
   0.17      1         0.044   
   0.015     1.1       0.062   
   0.18      0.97      0.069   
   0.23      1         0.078   
   0.018     1.1       0.069   
   0.0033    1.1       0.032   
   0.28      0.9       0.056   
   0.068     1         0.087   
   0.2       0.99      0.083   
   0.28      0.91      0.077   
   0.29      0.92      0.084   
   0.2       1         0.1     
   0.21      1         0.11    
   0.28      0.9       0.058   
   0.27      0.9       0.048   
   0.2       0.99      0.086   
   0.19      0.99      0.075   
  -0.025     1.1       0.03    
   0.019     1.2       0.042   
   0.012     1.1       0.054   
  -0.048     1.2       0.011   
  -0.091     1.2       0.069   
  -0.018     1.2       0.071   
  -0.043     1.2       0.024   
  -0.087     1.2       0.05    
   0.017     1.2       0.055   
  -0.035     1.1       0.057   
  -0.098     1.2       0.046   
  -0.088     1.2       0.06    
   0.0018    1.1       0.028   
  -0.084     1.1       0.026   
  -0.21      1.2       0.086   
  -0.045     1.1       0.021   
   0.012     1.1       0.042   
  -0.091     1.2       0.039   
  -0.089     1.2       0.043   
  -0.078     1.2       0.072   
  -0.084     1.2       0.057   
  -0.031     1.1       0.068   
  -0.033     1.1       0.063   
  -0.044     1.1       0.035   
  -0.039     1.1       0.049   
  -0.082     1.2       0.036   
  -0.097     1.2       0.04    
  -0.036     1.2       0.062   
  -0.023     1.1       0.064   
  -0.091     1.1       0.046   
  -0.09      1.2       0.04    
  -0.09      1.2       0.04    
  -0.037     1.1       0.071   
  -0.032     1.1       0.066   
  -0.032     1.1       0.066   
  -0.22      1.2       0.062   
  -0.22      1.2       0.065   
  -0.22      1.2       0.072   
  -0.22      1.2       0.077   
  -0.21      1.2       0.085   
  -0.22      1.2       0.075   
  -0.23      1.2       0.047   
  -0.23      1.2       0.045   
  -0.22      1.2       0.056   
  -0.22      1.2       0.059   
  -0.21      1.2       0.083   
  -0.22      1.3       0.02    
  -0.23      1.3       0.018   
  -0.21      1.3       0.054   
  -0.21      1.3       0.06    
  -0.22      1.2       0.078   
  -0.24      1.3       0.054   

GEOM_XMAT
   1         0         0         0         1         0         0         0         1       
   0.5      -0.67     -0.55      0.69     -0.078     0.72     -0.53     -0.74      0.42    
  -0.63     -0.67      0.39     -0.46     -0.079    -0.89      0.63     -0.74     -0.26    
  -0.63     -0.67      0.39     -0.46     -0.079    -0.89      0.63     -0.74     -0.26    
  -0.5      -0.67      0.55     -0.69     -0.078    -0.72      0.53     -0.74     -0.42    
   0.57     -0.68     -0.47      0.58     -0.083     0.81     -0.59     -0.73      0.34    
   0.63     -0.67     -0.39      0.46     -0.079     0.89     -0.63     -0.74      0.26    
  -0.5      -0.67      0.55     -0.69     -0.078    -0.72      0.53     -0.74     -0.42    
  -0.63     -0.39     -0.67     -0.46      0.89     -0.079     0.63      0.26     -0.74    
  -0.67      0.47     -0.57     -0.08     -0.81     -0.58     -0.73     -0.34      0.59    
  -0.57     -0.38      0.73      0.35     -0.91     -0.2       0.74      0.14      0.65    
  -0.99     -0.0069    0.17      0.17      0.11      0.98     -0.025     0.99     -0.1     
  -0.53      0.83      0.19     -0.73     -0.33     -0.6      -0.43     -0.46      0.78    
   0.49      0.6      -0.63      0.86     -0.23      0.45      0.13     -0.76     -0.63    
  -0.3       0.8       0.52     -0.95     -0.28     -0.11      0.055    -0.53      0.85    
  -0.4      -0.63     -0.67      0.74     -0.65      0.17     -0.54     -0.42      0.72    
  -0.93     -0.35     -0.089    -0.35      0.93      0.062     0.061     0.089    -0.99    
   0.4      -0.62     -0.67     -0.74      0.22     -0.64      0.54      0.75     -0.37    
  -0.67      0.47     -0.58     -0.075    -0.81     -0.58     -0.74     -0.34      0.58    
  -0.42     -0.64      0.64      0.67      0.26      0.69     -0.62      0.72      0.32    
   0.082    -0.97      0.23     -0.19      0.22      0.96     -0.98     -0.12     -0.16    
   0.28      0.34     -0.9      -0.034    -0.93     -0.37     -0.96      0.13     -0.25    
   0.95      0.27     -0.16     -0.29      0.95     -0.088     0.13      0.13      0.98    
   0.91     -0.16     -0.37     -0.2      -0.98     -0.082    -0.35      0.15     -0.92    
  -0.78      0.041     0.63      0.21     -0.92      0.32      0.59      0.39      0.71    
  -0.0083   -1         0.059    -0.15      0.06      0.99     -0.99     -0.00073  -0.15    
   0.68      0.68     -0.25      0.64     -0.39      0.67      0.36     -0.62     -0.7     
  -0.84     -0.48      0.25     -0.29      0.021    -0.96      0.45     -0.88     -0.16    
  -0.99      0.079    -0.14     -0.027     0.76      0.64      0.16      0.64     -0.75    
   0.84     -0.21      0.49      0.29      0.95     -0.085    -0.45      0.22      0.86    
  -0.84     -0.21     -0.49     -0.29      0.95      0.085     0.45      0.22     -0.86    
   0.84      0.04      0.54      0.29      0.8      -0.52     -0.45      0.6       0.66    
   0.68     -0.72     -0.12     -0.65     -0.52     -0.55      0.33      0.45     -0.83    
  -0.19      0.59      0.78     -0.58      0.58     -0.58     -0.79     -0.56      0.23    
   0.17      0.2      -0.97      0.56      0.79      0.26      0.81     -0.58      0.021   
   0.17      0.94     -0.31      0.56      0.17      0.81      0.81     -0.31     -0.49    
   0.17      0.65     -0.74      0.56      0.56      0.62      0.81     -0.51     -0.27    
  -0.17      0.65      0.74     -0.56      0.56     -0.62     -0.81     -0.51      0.27    
  -0.17      0.94      0.31     -0.56      0.17     -0.81     -0.81     -0.31      0.49    
  -0.17      0.2       0.97     -0.56      0.79     -0.26     -0.81     -0.58     -0.021   
  -0.14      0.61      0.78     -0.53      0.62     -0.58     -0.84     -0.49      0.24    
   0.17      0.65     -0.74      0.56      0.56      0.62      0.81     -0.51     -0.27    
  -0.21      0.69     -0.69     -0.59     -0.65     -0.48     -0.78      0.31      0.54    
   0.17      0.65     -0.74      0.56      0.56      0.62      0.81     -0.51     -0.27    
  -0.21      0.52      0.83     -0.53      0.65     -0.55     -0.82     -0.55      0.14    
  -0.18      0.67      0.72     -0.55      0.54     -0.64     -0.81     -0.51      0.28    
  -0.17      0.65      0.74     -0.56      0.56     -0.62     -0.81     -0.51      0.27    
   0.17      0.74      0.65      0.56     -0.62      0.56      0.81      0.27     -0.51    
   0.17      0.65     -0.74      0.56      0.56      0.62      0.81     -0.51     -0.27    
  -0.16      0.67      0.73     -0.56      0.55     -0.62     -0.81     -0.51      0.28    
  -0.17     -0.74      0.65     -0.56      0.62      0.56     -0.81     -0.27     -0.51    
  -0.16     -0.73      0.67     -0.56      0.63      0.55     -0.81     -0.28     -0.51    
  -0.17     -0.65     -0.74     -0.56     -0.56      0.62     -0.81      0.51     -0.27    
  -0.17      0.74     -0.65     -0.56     -0.62     -0.56     -0.81      0.27      0.51    
   0.17      0.94     -0.31      0.56      0.17      0.81      0.81     -0.31     -0.49    
  -0.16      0.65      0.74     -0.56      0.56     -0.62     -0.81     -0.51      0.27    
   0.17     -0.31     -0.94      0.56      0.81     -0.17      0.81     -0.49      0.31    
   0.17     -0.96     -0.22      0.56      0.28     -0.78      0.81      0.0055    0.58    
   0.17      0.96      0.22      0.56     -0.28      0.78      0.81     -0.0055   -0.58    
  -0.1      -0.98      0.19     -0.57      0.21      0.79     -0.82     -0.027    -0.58    
  -0.17      0.5       0.85     -0.56      0.66     -0.5      -0.81     -0.56      0.17    
   0.71     -0.69      0.17      0.51      0.66      0.56     -0.49     -0.31      0.81    
   0.71     -0.69      0.17      0.51      0.66      0.56     -0.49     -0.31      0.81    
   0.76      0.63     -0.17      0.46     -0.69     -0.56     -0.47      0.35     -0.81    
   0.63      0.76      0.17     -0.69      0.46      0.56      0.35     -0.47      0.81    
   0.12      0.63      0.76      0.53     -0.69      0.49      0.84      0.35     -0.42    
   0.17     -0.96     -0.22      0.56      0.28     -0.78      0.81      0.0055    0.58    
  -0.17     -0.96      0.22     -0.56      0.28      0.78     -0.81      0.0055   -0.58    
   0.63     -0.76     -0.17     -0.69     -0.46     -0.56      0.35      0.47     -0.81    
   0.76     -0.63      0.17      0.46      0.69      0.56     -0.47     -0.35      0.81    
  -0.23     -0.95      0.19     -0.54      0.29      0.79     -0.81      0.081    -0.58    
  -0.17      0.96     -0.22     -0.56     -0.28     -0.78     -0.81     -0.0055    0.58    
  -0.21     -0.63      0.74     -0.58      0.69      0.43     -0.79     -0.34     -0.51    
  -0.17     -0.87      0.47     -0.56      0.48      0.68     -0.81     -0.15     -0.56    
  -0.17     -0.8       0.57     -0.56      0.56      0.62     -0.81     -0.22     -0.54    
  -0.17      0.57      0.8      -0.56      0.62     -0.56     -0.81     -0.54      0.22    
  -0.17     -0.33     -0.93     -0.56     -0.74      0.37     -0.81      0.58     -0.063   
  -0.12     -0.97      0.22     -0.57      0.25      0.78     -0.81     -0.029    -0.58    
   0.17     -0.97      0.16      0.56     -0.044    -0.83      0.81      0.23      0.53    
   0.17      0.16      0.97      0.56     -0.83      0.044     0.81      0.53     -0.23    
   0.17      0.11     -0.98      0.56      0.81      0.18      0.81     -0.58      0.074   
   0.21     -0.95     -0.22      0.54      0.3      -0.78      0.81      0.04      0.58    
  -0.96     -0.22      0.17      0.28     -0.78      0.56      0.0055    0.58      0.81    
  -0.96     -0.22      0.17      0.28     -0.78      0.56      0.0055    0.58      0.81    
  -0.96      0.22     -0.17      0.28      0.78     -0.56      0.0055   -0.58     -0.81    
  -0.96      0.22     -0.17      0.28      0.78     -0.56      0.0055   -0.58     -0.81    
  -0.96     -0.22      0.17      0.28     -0.78      0.56      0.0055    0.58      0.81    
   0.17      0.96      0.22      0.56     -0.28      0.78      0.81     -0.0055   -0.58    
   0.17      0.96      0.22      0.56     -0.28      0.78      0.81     -0.0055   -0.58    
  -0.96      0.22     -0.17      0.28      0.78     -0.56      0.0055   -0.58     -0.81    
  -0.17      0.96     -0.22     -0.56     -0.28     -0.78     -0.81     -0.0055    0.58    
  -0.17      0.96     -0.22     -0.56     -0.28     -0.78     -0.81     -0.0055    0.58    
  -0.53      0.17     -0.83     -0.64      0.56      0.52      0.55      0.81     -0.19    
  -0.53      0.83      0.17     -0.64     -0.52      0.56      0.55      0.19      0.81    
  -0.15      0.83     -0.54     -0.54     -0.52     -0.66     -0.83      0.19      0.53    
  -0.15      0.54      0.83     -0.54      0.66     -0.52     -0.83     -0.53      0.19    
   0.17     -0.83     -0.53      0.56      0.52     -0.64      0.81     -0.19      0.55    
   0.83      0.15     -0.54     -0.52      0.54     -0.66      0.19      0.83      0.53    
  -0.17     -0.53     -0.83     -0.56     -0.64      0.52     -0.81      0.55     -0.19    
  -0.17     -0.83      0.53     -0.56      0.52      0.64     -0.81     -0.19     -0.55    
   0.83      0.53      0.17     -0.52      0.64      0.57      0.19     -0.56      0.81    
   0.17     -0.83     -0.53      0.57      0.52     -0.64      0.81     -0.19      0.56    
   0.17      0.53     -0.83      0.56      0.64      0.52      0.81     -0.55     -0.19    
   0.13      0.83      0.54      0.51     -0.52      0.68      0.85      0.19     -0.5     
   0.54      0.83     -0.13      0.68     -0.52     -0.51     -0.5       0.19     -0.85    
   0.13      0.83      0.54      0.51     -0.52      0.68      0.85      0.19     -0.5     
   0.54     -0.83      0.13      0.68      0.52      0.51     -0.5      -0.19      0.85    
  -0.83      0.13      0.54      0.52      0.51      0.68     -0.19      0.85     -0.5     
   0.58     -0.13     -0.8       0.65     -0.51      0.55     -0.49     -0.85     -0.21    
   0.2       0.44      0.88      0.75      0.5      -0.42     -0.62      0.75     -0.23    
   0.22     -0.092    -0.97     -0.73      0.65     -0.23      0.65      0.76      0.075   
  -0.2      -0.027    -0.98     -0.76      0.64      0.14      0.62      0.77     -0.15    
  -0.2      -0.9      -0.38     -0.75      0.39     -0.53      0.62      0.18     -0.76    
  -0.2       0.44     -0.88     -0.75      0.5       0.42      0.62      0.75      0.23    
  -0.84      0.45     -0.31      0.55      0.7      -0.46      0.014    -0.55     -0.83    
   0.3      -0.58      0.76      0.47     -0.6      -0.65      0.83      0.55      0.098   
   0.32     -0.43     -0.85      0.5       0.84     -0.24      0.81     -0.34      0.48    
   0.32      0.8       0.52      0.5      -0.6       0.62      0.81      0.06     -0.58    
   0.32     -0.85      0.43      0.5      -0.24     -0.84      0.81      0.48      0.34    
   0.32      0.52     -0.8       0.5       0.62      0.6       0.81     -0.58     -0.06    
  -0.32     -0.85     -0.43     -0.5      -0.24      0.84     -0.81      0.48     -0.34    
   0.32     -0.43     -0.85      0.5       0.84     -0.24      0.81     -0.34      0.48    
   0.32     -0.5       0.81      0.49     -0.64     -0.59      0.81      0.58      0.038   
  -0.32      0.52      0.8      -0.5       0.62     -0.6      -0.81     -0.58      0.06    
  -0.28     -0.76      0.59     -0.46      0.65      0.61     -0.84     -0.1      -0.53    
   0.36     -0.64      0.68      0.46     -0.52     -0.73      0.82      0.57      0.11    
  -0.32      0.52      0.8      -0.5       0.62     -0.6      -0.81     -0.58      0.06    
   0.32      0.52     -0.8       0.5       0.62      0.6       0.81     -0.58     -0.06    
  -0.32      0.52      0.8      -0.5       0.62     -0.6      -0.81     -0.58      0.06    
   0.34     -0.56      0.76      0.52     -0.56     -0.64      0.78      0.61      0.1     
  -0.32      0.52      0.8      -0.5       0.62     -0.6      -0.81     -0.58      0.06    
  -0.32     -0.53     -0.79     -0.49     -0.61      0.62     -0.81      0.58     -0.068   
  -0.31      0.79     -0.52     -0.5      -0.6      -0.62     -0.81      0.06      0.58    
  -0.31     -0.79      0.53     -0.49      0.61      0.62     -0.81     -0.07     -0.58    
  -0.32     -0.52     -0.79     -0.5      -0.62      0.6      -0.81      0.58     -0.06    
  -0.31     -0.8       0.52     -0.49      0.6       0.63     -0.81     -0.06     -0.58    
   0.32     -0.85      0.43      0.5      -0.24     -0.84      0.81      0.48      0.34    
  -0.31      0.52      0.8      -0.5       0.62     -0.6      -0.81     -0.58      0.061   
   0.32     -0.43     -0.85      0.5       0.84     -0.24      0.81     -0.34      0.48    
   0.32     -0.86      0.39      0.5      -0.2      -0.85      0.81      0.46      0.36    
  -0.32     -0.74      0.59     -0.5       0.66      0.57     -0.81     -0.11     -0.58    
   0.34      0.89     -0.32      0.74     -0.46     -0.5      -0.58     -0.067    -0.81    
   0.27      0.91      0.32     -0.86      0.082     0.5       0.43     -0.4       0.81    
   0.34     -0.34      0.87      0.54     -0.69     -0.48      0.77      0.64     -0.049   
   0.26      0.27      0.93      0.49     -0.86      0.11      0.83      0.43     -0.36    
   0.27      0.91      0.32     -0.86      0.082     0.5       0.43     -0.4       0.81    
   0.32      0.34     -0.89      0.5       0.74      0.46      0.81     -0.58      0.067   
   0.27     -0.91     -0.32     -0.86     -0.082    -0.5       0.43      0.4      -0.81    
  -0.32      0.34      0.89     -0.5       0.74     -0.46     -0.81     -0.58     -0.067   
   0.29     -0.39      0.88      0.45     -0.75     -0.48      0.85      0.53     -0.044   
  -0.32      0.39     -0.86     -0.5      -0.85     -0.2      -0.81      0.36      0.46    
  -0.34      0.89      0.32     -0.74     -0.46      0.5       0.58     -0.067     0.81    
  -0.37     -0.27      0.89     -0.5       0.86      0.054    -0.79     -0.43     -0.45    
  -0.32      0.34      0.89     -0.5       0.74     -0.46     -0.81     -0.58     -0.067   
  -0.32      0.94      0.13     -0.5      -0.045    -0.87     -0.81     -0.34      0.48    
   0.27     -0.91     -0.32     -0.86     -0.082    -0.5       0.43      0.4      -0.81    
  -0.32     -0.03      0.95     -0.5       0.86     -0.14     -0.81     -0.51     -0.29    
  -0.32      0.95      0.03     -0.5      -0.14     -0.86     -0.81     -0.29      0.51    
  -0.32     -0.91     -0.29     -0.5      -0.1       0.86     -0.81      0.41     -0.42    
  -0.3      -0.4       0.86     -0.53      0.82      0.2      -0.79     -0.4      -0.46    
   0.32      0.65     -0.69      0.5       0.51      0.7       0.81     -0.56     -0.16    
   0.32     -0.69     -0.65      0.5       0.7      -0.51      0.81     -0.16      0.56    
   0.32      0.49      0.81      0.5      -0.82      0.3       0.81      0.31     -0.5     
   0.28      0.88     -0.39      0.49      0.22      0.85      0.83     -0.43     -0.36    
  -0.39     -0.86      0.32      0.85     -0.2       0.5      -0.36      0.46      0.81    
  -0.39     -0.86      0.32      0.85     -0.2       0.5      -0.36      0.46      0.81    
   0.86      0.39     -0.32      0.2      -0.85     -0.5      -0.46      0.36     -0.81    
   0.86      0.39     -0.32      0.2      -0.85     -0.5      -0.46      0.36     -0.81    
  -0.39     -0.86      0.32      0.85     -0.2       0.5      -0.36      0.46      0.81    
   0.32      0.39      0.86      0.5      -0.85      0.2       0.81      0.36     -0.46    
   0.32      0.39      0.86      0.5      -0.85      0.2       0.81      0.36     -0.46    
   0.86      0.39     -0.32      0.2      -0.85     -0.5      -0.46      0.36     -0.81    
  -0.32     -0.86     -0.39     -0.5      -0.2       0.85     -0.81      0.46     -0.36    
  -0.32     -0.86     -0.39     -0.5      -0.2       0.85     -0.81      0.46     -0.36    
  -0.95     -0.32     -0.017     0.18     -0.5      -0.85      0.26     -0.81      0.53    
  -0.95      0.017    -0.32      0.18      0.85     -0.5       0.26     -0.53     -0.81    
   0.34      0.017    -0.94      0.49      0.85      0.19      0.8      -0.53      0.28    
   0.34      0.94      0.017     0.49     -0.19      0.85      0.8      -0.28     -0.53    
  -0.32     -0.017    -0.95     -0.5      -0.85      0.18     -0.81      0.53      0.26    
   0.017    -0.34     -0.94      0.85     -0.49      0.19     -0.53     -0.8       0.28    
   0.32     -0.95     -0.017     0.5       0.18     -0.85      0.81      0.26      0.53    
   0.32     -0.017     0.95      0.5      -0.85     -0.18      0.81      0.53     -0.26    
   0.017     0.95     -0.3       0.85     -0.17     -0.5      -0.53     -0.25     -0.81    
  -0.3      -0.017    -0.95     -0.5      -0.85      0.17     -0.81      0.53      0.25    
  -0.32      0.95     -0.017    -0.5      -0.18     -0.85     -0.81     -0.26      0.53    
  -0.25      0.017     0.97     -0.51      0.85     -0.15     -0.82     -0.53     -0.21    
   0.97      0.017     0.25     -0.15      0.85      0.51     -0.21     -0.53      0.82    
  -0.25      0.017     0.97     -0.51      0.85     -0.15     -0.82     -0.53     -0.21    
   0.97     -0.017    -0.25     -0.15     -0.85     -0.51     -0.21      0.53     -0.82    
  -0.017    -0.25      0.97     -0.85     -0.51     -0.15      0.53     -0.82     -0.21    
   0.97      0.25      0.028    -0.11      0.51     -0.86     -0.23      0.82      0.52    

LIGHT_XPOS
   0         0         5       

LIGHT_XDIR
   0         0        -1       

SUBTREE_COM
   0.083     0.95      0.17    
   0.083     0.95      0.17    
   0.066     1.1       0.14    
   0.062     1.1       0.13    
   0.05      1.2       0.12    
  -0.098     1.2       0.13    
  -0.12      1.1       0.21    
  -0.11      1.1       0.21    
   0.16      0.98      0.077   
   0.14      1         0.067   
   0.12      1         0.062   
  -0.11      1.2       0.055   
  -0.24      1.3       0.055   
  -0.24      1.3       0.054   

CDOF
   0         0         0         1         0         0       
   0         0         0         0         1         0       
   0         0         0         0         0         1       
  -0.67     -0.08     -0.73      0.04      0.028    -0.039   
   0.47     -0.81     -0.34      0.035     0.029    -0.022   
  -0.57     -0.58      0.59     -0.018    -0.045    -0.062   
  -0.63     -0.46      0.63      0.062    -0.04      0.034   
  -0.84     -0.29      0.45      0.046    -0.016     0.076   
  -0.17     -0.56     -0.81     -0.12      0.086    -0.034   
   0.17      0.56      0.81      0.34      0.1      -0.14    
  -0.17     -0.56     -0.81     -0.093    -0.18      0.14    
  -0.83      0.52     -0.19     -0.037    -0.06     -0.002   
  -0.5      -0.69      0.53     -0.097    -0.051    -0.16    
  -0.2      -0.75      0.62     -0.11     -0.1      -0.16    
  -0.32     -0.5      -0.81     -0.016     0.19     -0.11    
  -0.32     -0.5      -0.81     -0.19     -0.019     0.087   
  -0.32     -0.5      -0.81     -0.28     -0.21      0.24    
  -0.017    -0.85      0.53      0.053     0.16      0.26    

CINERT
   0         0         0         0         0         0         0         0         0         0       
   0.42      0.24      0.36     -0.06      0.058     0.12     -0.4      -1.4       0.91      10      
   0.0094    0.0017    0.0085   -0.00032  -0.00012  -0.0018    0.0038    0.086     0.023     1       
   0.01      0.0042    0.013    -0.0052    0.00076   0.0013    0.048     0.084    -0.012     0.78    
   0.17      0.036     0.18      0.0048   -0.0027    0.045     0.049     0.73     -0.2       3.8     
   0.072     0.036     0.097     0.043    -0.011     0.019    -0.17      0.25     -0.067     0.97    
   0.00035   0.00088   0.0012    0.00054   9.8e-05  -6.3e-05  -0.0041    0.0025    0.00047   0.02    
   0.0025    0.0081    0.0099    0.0041    0.0015   -0.00077  -0.039     0.02      0.0076    0.2     
   0.02      0.03      0.047     0.022     0.0059   -0.0047    0.17     -0.13     -0.035     1       
   0.011     0.033     0.032     0.011     0.012    -0.0051    0.14     -0.062    -0.063     0.78    
   0.067     0.12      0.091     0.0017    0.048     0.014     0.43      0.12     -0.42      3.8     
   0.055     0.043     0.07      0.034    -0.019     0.024    -0.16      0.2      -0.12      0.97    
   0.0018    0.002     0.0033    0.0017   -0.00065   0.0006   -0.0059    0.0054   -0.0021    0.02    
   0.021     0.023     0.039     0.019    -0.0076    0.0073   -0.063     0.06     -0.024     0.2     

ACTUATOR_LENGTH
   2.7e+02 
   2.6e+02 
  -1.7e+02 
  -4.7e+02 
   56      
  -3.9     
  -91      
   3.1e+02 
  -1.8e+02 
   1.1e+02 
  -24      
   0.27    

actuator_moment
--------------------
       x            |
        x           |
         x          |
          x         |
           x        |
            x       |
             x      |
              x     |
               x    |
                x   |
                 x  |
                  x |
--------------------

ACTUATOR_MOMENT
     6:  1e+02   
     7:  1e+02   
     8:  1e+02   
     9:  1.5e+02 
    10:  60      
    11:  60      
    12:  1e+02   
    13:  1e+02   
    14:  1e+02   
    15:  1.5e+02 
    16:  60      
    17:  60      

CRB
   0         0         0         0         0         0         0         0         0         0       
   0.86      0.58      0.95      0.077     0.085     0.22      3.7e-16   6e-15     9.4e-16   24      
   0.27      0.087     0.31      0.047    -0.012     0.062    -0.11      1.2      -0.25      6.7     
   0.26      0.085     0.3       0.047    -0.012     0.064    -0.12      1.1      -0.27      5.7     
   0.25      0.081     0.29      0.053    -0.012     0.063    -0.17      1        -0.26      5       
   0.075     0.045     0.11      0.048    -0.0098    0.018    -0.21      0.27     -0.058     1.2     
   0.0029    0.009     0.011     0.0046    0.0016   -0.00083  -0.043     0.023     0.0081    0.22    
   0.0025    0.0081    0.0099    0.0041    0.0015   -0.00077  -0.039     0.02      0.0076    0.2     
   0.18      0.25      0.28      0.09      0.038     0.036     0.52      0.18     -0.66      6.7     
   0.16      0.22      0.24      0.068     0.032     0.04      0.35      0.32     -0.62      5.7     
   0.15      0.19      0.2       0.056     0.021     0.045     0.21      0.38     -0.56      5       
   0.079     0.068     0.11      0.054    -0.027     0.031    -0.23      0.26     -0.14      1.2     
   0.023     0.025     0.042     0.021    -0.0083    0.0079   -0.069     0.065    -0.026     0.22    
   0.021     0.023     0.039     0.019    -0.0076    0.0073   -0.063     0.06     -0.024     0.2     

QM
   24      
   0         24      
   0         0         24      
   0.94      0.66     -0.94      1.1     
   0.82      0.7      -0.52      0.24      0.78    
  -0.44     -1.1      -1.5       0.078    -0.17      0.79    
  -0.2      -0.5      -0.57      0.042    -0.089     0.24      0.18    
  -0.15     -0.37     -0.51      0.056    -0.074     0.21      0.15      0.14    
   0.36      0.52     -0.43      0.22      0.12     -0.0094   -0.03     -0.012     0.2     
   0.15     -0.042    -0.0025    0.02      0.012    -0.01      0.0008    0.00039  -0.0048    0.031   
  -0.006    -0.0017    0.0024   -0.0011   -0.00052   0.00027   2.9e-05   1.4e-05  -0.00021  -0.0019    0.00049 
   0.00048   0.0019    0.0031    8.9e-05  -0.0003   -0.001    -0.00063  -0.00031  -5.1e-05  -2.7e-05   7.1e-06   0.00014 
  -0.3      -0.4      -0.8       0.071    -0.085     0.27                                                                  0.36    
  -0.35     -0.49     -0.71      0.041    -0.1       0.26                                                                  0.34      0.33    
   0.5       0.61     -0.57      0.19      0.18     -0.0062                                                                0.024    -0.026     0.36    
   0.056     0.12     -0.093     0.05      0.041    -0.0029                                                                0.0058   -0.0057    0.084     0.031   
   0.0054    0.0021   -0.0034    0.003     0.0023    0.00011                                                               0.00028  -0.00026   0.0039    0.0019    0.00049 
  -0.00093  -0.0018   -0.003     0.00021  -0.00013   0.002                                                                 0.0023    0.0023    6.9e-05   2.7e-05   7.1e-06   0.00014 

M
     0:  24      
     0:  0          1:  24      
     0:  0          1:  0          2:  24      
     0:  0.94       1:  0.66       2: -0.94       3:  1.1     
     0:  0.82       1:  0.7        2: -0.52       3:  0.24       4:  0.78    
     0: -0.44       1: -1.1        2: -1.5        3:  0.078      4: -0.17       5:  0.79    
     0: -0.2        1: -0.5        2: -0.57       3:  0.042      4: -0.089      5:  0.24       6:  0.18    
     0: -0.15       1: -0.37       2: -0.51       3:  0.056      4: -0.074      5:  0.21       6:  0.15       7:  0.14    
     0:  0.36       1:  0.52       2: -0.43       3:  0.22       4:  0.12       5: -0.0094     6: -0.03       7: -0.012      8:  0.2     
     0:  0.15       1: -0.042      2: -0.0025     3:  0.02       4:  0.012      5: -0.01       6:  0.0008     7:  0.00039    8: -0.0048     9:  0.031   
     0: -0.006      1: -0.0017     2:  0.0024     3: -0.0011     4: -0.00052    5:  0.00027    6:  2.9e-05    7:  1.4e-05    8: -0.00021    9: -0.0019    10:  0.00049 
     0:  0.00048    1:  0.0019     2:  0.0031     3:  8.9e-05    4: -0.0003     5: -0.001      6: -0.00063    7: -0.00031    8: -5.1e-05    9: -2.7e-05   10:  7.1e-06   11:  0.00014 
     0: -0.3        1: -0.4        2: -0.8        3:  0.071      4: -0.085      5:  0.27      12:  0.36    
     0: -0.35       1: -0.49       2: -0.71       3:  0.041      4: -0.1        5:  0.26      12:  0.34      13:  0.33    
     0:  0.5        1:  0.61       2: -0.57       3:  0.19       4:  0.18       5: -0.0062    12:  0.024     13: -0.026     14:  0.36    
     0:  0.056      1:  0.12       2: -0.093      3:  0.05       4:  0.041      5: -0.0029    12:  0.0058    13: -0.0057    14:  0.084     15:  0.031   
     0:  0.0054     1:  0.0021     2: -0.0034     3:  0.003      4:  0.0023     5:  0.00011   12:  0.00028   13: -0.00026   14:  0.0039    15:  0.0019    16:  0.00049 
     0: -0.00093    1: -0.0018     2: -0.003      3:  0.00021    4: -0.00013    5:  0.002     12:  0.0023    13:  0.0023    14:  6.9e-05   15:  2.7e-05   16:  7.1e-06   17:  0.00014 

QLD
     0:  20      
     0: -0.13       1:  19      
     0:  0.036      1: -0.05       2:  17      
     0:  0.39       1:  0.053      2:  0.35       3:  0.7     
     0:  0.16       1: -0.3        2: -0.75       3:  0.098      4:  0.55    
     0:  0.39       1: -0.57       2: -0.29       3: -0.17       4:  0.05       5:  0.25    
     0: -1.8        1: -9.5        2: -7.9        3: -0.32       4:  0.34       5:  2          6:  0.0042  
     0: -0.9        1: -2.4        2: -3.8        3:  0.5        4: -0.49       5:  1.5        6:  1.1        7:  0.14    
     0:  2          1:  2.5        2: -2.1        3:  1.1        4:  0.62       5: -0.059      6: -0.15       7: -0.059      8:  0.2     
     0:  5.4        1: -2          2:  0.28       3:  0.65       4:  0.42       5: -0.37       6:  0.038      7:  0.018      8: -0.23       9:  0.024   
     0: -12         1: -3.7        2:  4.6        3: -2.3        4: -1          5:  0.66       6:  0.13       7:  0.062      8: -0.42       9: -3.8       10:  0.00049 
     0:  3.4        1:  13         2:  22         3:  0.64       4: -2.1        5: -7.3        6: -4.5        7: -2.2        8: -0.36       9: -0.2       10:  0.051     11:  0.00014 
     0: -2.4        1:  8.2        2:  6.6        3: -0.017      4: -0.61       5:  1.6       12:  0.0029  
     0: -1          1: -1.4        2: -2.4        3:  0.18       4: -0.31       5:  0.77      12:  1         13:  0.29    
     0:  2.8        1:  2.2        2: -2.4        3:  0.47       4:  0.54       5:  0.017     12:  0.064     13: -0.083     14:  0.13    
     0:  1.4        1:  4.5        2: -3.3        3:  1.6        4:  1.3        5: -0.14      12:  0.2       13: -0.19      14:  2.9       15:  0.024   
     0:  11         1:  4.5        2: -6.6        3:  6.1        4:  4.7        5:  0.0098    12:  0.33      13: -0.77      14:  8.1       15:  3.8       16:  0.00049 
     0: -6.6        1: -13         2: -22         3:  1.5        4: -0.95       5:  14        12:  17        13:  16        14:  0.5       15:  0.2       16:  0.051     17:  0.00014 

QLDIAGINV
   0.05    
   0.053   
   0.059   
   1.4     
   1.8     
   4.1     
   2.4e+02 
   7.2     
   5       
   41      
   2.1e+03 
   7.2e+03 
   3.5e+02 
   3.5     
   7.7     
   41      
   2.1e+03 
   7.2e+03 

M: inertia structure
--------------------
 x                  |
 xx                 |
 xxx                |
 xxxx               |
 xxxxx              |
 xxxxxx             |
 xxxxxxx            |
 xxxxxxxx           |
 xxxxxxxxx          |
 xxxxxxxxxx         |
 xxxxxxxxxxx        |
 xxxxxxxxxxxx       |
 xxxxxx      x      |
 xxxxxx      xx     |
 xxxxxx      xxx    |
 xxxxxx      xxxx   |
 xxxxxx      xxxxx  |
 xxxxxx      xxxxxx |
--------------------

iM: block-diagonal inertia (nnzs are island ids)
--------------------
 0                  |
 00                 |
 000                |
 0000               |
 00000              |
 000000             |
 0000000            |
 00000000           |
 000000000          |
 0000000000         |
 00000000000        |
 000000000000       |
 000000      0      |
 000000      00     |
 000000      000    |
 000000      0000   |
 000000      00000  |
 000000      000000 |
--------------------

TREE_AWAKE
  1

BODY_AWAKE
  -1 1 1 1 1 1 1 1 1 1 1 1 1 1

BODY_AWAKE_IND
  0 1 2 3 4 5 6 7 8 9 10 11 12 13

PARENT_AWAKE_IND
  1 2 3 4 5 6 7 8 9 10 11 12 13

DOF_AWAKE_IND
  0 1 2 3 4 5 6 7 8 9 10 11 12 13 14 15 16 17

CONTACT
  0:
     dim           3
     geoms         floor : 21
     exclude       0
     efc_address   2
     solref         0.02      1       
     solimp         0.9       0.95      0.001     0.5       2       
     dist          -0.00015 
     includemargin  0       
     pos           -0.19      0.59     -7.5e-05 
     frame          0         0         1         0         1         0        -1         0         0       
     friction       1         1         0.005     0.0001    0.0001  
     mu             1       
     force          49       -0.074     0.06      0         0         0       
  1:
     dim           3
     geoms         floor : 34
     exclude       0
     efc_address   6
     solref         0.02      1       
     solimp         0.9       0.95      0.001     0.5       2       
     dist          -7.1e-05 
     includemargin  0       
     pos           -0.03      1.3      -3.5e-05 
     frame          0         0         1         0         1         0        -1         0         0       
     friction       1         1         0.005     0.0001    0.0001  
     mu             1       
     force          15       -0.057     0.084     0         0         0       
  2:
     dim           3
     geoms         floor : 122
     exclude       0
     efc_address   10
     solref         0.02      1       
     solimp         0.9       0.95      0.001     0.5       2       
     dist          -0.00048 
     includemargin  0       
     pos            0.22      1        -0.00024 
     frame          0         0         1         0         1         0        -1         0         0       
     friction       1         1         0.005     0.0001    0.0001  
     mu             1       
     force          1.4e+02   0.023     0.036     0         0         0       
  3:
     dim           3
     geoms         floor : 122
     exclude       0
     efc_address   14
     solref         0.02      1       
     solimp         0.9       0.95      0.001     0.5       2       
     dist          -5.2e-05 
     includemargin  0       
     pos            0.069     1.1      -2.6e-05 
     frame          0         0         1         0         1         0        -1         0         0       
     friction       1         1         0.005     0.0001    0.0001  
     mu             1       
     force          11        0.042     0.012     0         0         0       
  4:
     dim           3
     geoms         floor : 142
     exclude       0
     efc_address   18
     solref         0.02      1       
     solimp         0.9       0.95      0.001     0.5       2       
     dist          -0.00039 
     includemargin  0       
     pos           -0.05      1.1      -0.0002  
     frame          0         0         1         0         1         0        -1         0         0       
     friction       1         1         0.005     0.0001    0.0001  
     mu             1       
     force          23       -0.016     0.052     0         0         0       
  5:
     dim           3
     geoms         9 : 130
     exclude       0
     efc_address   22
     solref         0.02      1       
     solimp         0.9       0.95      0.001     0.5       2       
     dist          -0.00041 
     includemargin  0       
     pos            0.17      0.97      0.12    
     frame          0.42      0.55     -0.72      0.44      0.58      0.69      0.8      -0.61     -2.8e-17 
     friction       1         1         0.005     0.0001    0.0001  
     mu             1       
     force          64       -0.019    -0.022     0         0         0       
  6:
     dim           3
     geoms         9 : 137
     exclude       0
     efc_address   26
     solref         0.02      1       
     solimp         0.9       0.95      0.001     0.5       2       
     dist          -0.00013 
     includemargin  0       
     pos            0.17      0.97      0.12    
     frame          0.52      0.62     -0.58      0.37      0.45      0.81      0.77     -0.64     -2.8e-17 
     friction       1         1         0.005     0.0001    0.0001  
     mu             1       
     force          17       -0.024    -0.019     0         0         0       
  7:
     dim           3
     geoms         31 : 45
     exclude       0
     efc_address   30
     solref         0.02      1       
     solimp         0.9       0.95      0.001     0.5       2       
     dist          -0.00061 
     includemargin  0       
     pos            0.089     1.1       0.16    
     frame          0.59      0.61     -0.54      0.37      0.39      0.84      0.72     -0.69     -2.8e-17 
     friction       1         1         0.005     0.0001    0.0001  
     mu             1       
     force          1e+02    -0.049    -0.0029    0         0         0       
  8:
     dim           3
     geoms         32 : 134
     exclude       0
     efc_address   34
     solref         0.02      1       
     solimp         0.9       0.95      0.001     0.5       2       
     dist          -0.00042 
     includemargin  0       
     pos            0.17      1         0.12    
     frame         -0.16     -0.56     -0.81     -0.23     -0.78      0.58     -0.96      0.28      0       
     friction       1         1         0.005     0.0001    0.0001  
     mu             1       
     force          55       -0.053     0.0016    0         0         0       
  9:
     dim           3
     geoms         59 : 108
     exclude       0
     efc_address   38
     solref         0.02      1       
     solimp         0.9       0.95      0.001     0.5       2       
     dist          -0.011   
     includemargin  0       
     pos           -0.13      1.1       0.19    
     frame          0.14      0.097     0.99     -0.013     1        -0.096    -0.99      1.7e-18   0.14    
     friction       1         1         0.005     0.0001    0.0001  
     mu             1       
     force          1.7e+02   0.035    -1.6       0         0         0       
  10:
     dim           3
     geoms         67 : 108
     exclude       0
     efc_address   42
     solref         0.02      1       
     solimp         0.9       0.95      0.001     0.5       2       
     dist          -0.0032  
     includemargin  0       
     pos           -0.12      1.1       0.23    
     frame         -0.1      -0.83     -0.54     -0.066    -0.54      0.84     -0.99      0.12      0       
     friction       1         1         0.005     0.0001    0.0001  
     mu             1       
     force          52       -0.2      -1.5       0         0         0       
  11:
     dim           3
     geoms         70 : 108
     exclude       0
     efc_address   46
     solref         0.02      1       
     solimp         0.9       0.95      0.001     0.5       2       
     dist          -0.0088  
     includemargin  0       
     pos           -0.12      1.1       0.22    
     frame         -0.11     -0.86     -0.5      -0.065    -0.5       0.87     -0.99      0.13      0       
     friction       1         1         0.005     0.0001    0.0001  
     mu             1       
     force          1.4e+02  -0.24     -1.3       0         0         0       
  12:
     dim           3
     geoms         72 : 143
     exclude       0
     efc_address   50
     solref         0.02      1       
     solimp         0.9       0.95      0.001     0.5       2       
     dist          -0.00037 
     includemargin  0       
     pos           -0.11      1.2       0.079   
     frame         -0.32     -0.5      -0.81     -0.18      0.87     -0.46      0.93      0        -0.36    
     friction       1         1         0.005     0.0001    0.0001  
     mu             1       
     force          10       -0.11      0.085     0         0         0       
  13:
     dim           3
     geoms         143 : 190
     exclude       0
     efc_address   54
     solref         0.02      1       
     solimp         0.9       0.95      0.001     0.5       2       
     dist          -0.0088  
     includemargin  0       
     pos           -0.22      1.3       0.081   
     frame         -0.6      -0.16     -0.78     -0.1       0.99     -0.13      0.79      0        -0.61    
     friction       1         1         0.005     0.0001    0.0001  
     mu             1       
     force          1.5e+02   0.044     0.27      0         0         0       
  14:
     dim           3
     geoms         149 : 190
     exclude       0
     efc_address   58
     solref         0.02      1       
     solimp         0.9       0.95      0.001     0.5       2       
     dist          -0.011   
     includemargin  0       
     pos           -0.24      1.2       0.046   
     frame         -0.1       0.72      0.69      0.099    -0.68      0.73      0.99      0.14      0       
     friction       1         1         0.005     0.0001    0.0001  
     mu             1       
     force          1.8e+02  -0.059    -0.11      0         0         0       
  15:
     dim           3
     geoms         153 : 190
     exclude       0
     efc_address   62
     solref         0.02      1       
     solimp         0.9       0.95      0.001     0.5       2       
     dist          -0.0032  
     includemargin  0       
     pos           -0.22      1.3       0.084   
     frame         -0.56     -0.19     -0.8      -0.11      0.98     -0.16      0.82      0        -0.57    
     friction       1         1         0.005     0.0001    0.0001  
     mu             1       
     force          53        0.042     0.33      0         0         0       

EFC_TYPE
  3
  3
  6
  6
  6
  6
  6
  6
  6
  6
  6
  6
  6
  6
  6
  6
  6
  6
  6
  6
  6
  6
  6
  6
  6
  6
  6
  6
  6
  6
  6
  6
  6
  6
  6
  6
  6
  6
  6
  6
  6
  6
  6
  6
  6
  6
  6
  6
  6
  6
  6
  6
  6
  6
  6
  6
  6
  6
  6
  6
  6
  6
  6
  6
  6
  6

EFC_ID
  4
  8
  0
  0
  0
  0
  1
  1
  1
  1
  2
  2
  2
  2
  3
  3
  3
  3
  4
  4
  4
  4
  5
  5
  5
  5
  6
  6
  6
  6
  7
  7
  7
  7
  8
  8
  8
  8
  9
  9
  9
  9
  10
  10
  10
  10
  11
  11
  11
  11
  12
  12
  12
  12
  13
  13
  13
  13
  14
  14
  14
  14
  15
  15
  15
  15

EFC_J
   0         0         0         0         0         0         0         0         0         1         0         0         0         0         0         0         0         0       
   0         0         0         0         0         0         0         0         0         0         0         0         0        -1         0         0         0         0       
   0         1         1         0.29     -0.21     -0.32      0         0         0         0         0         0         0         0         0         0         0         0       
   0        -1         1         0.074    -0.62      0.29      0         0         0         0         0         0         0         0         0         0         0         0       
  -1         0         1         0.4      -0.46     -0.31      0         0         0         0         0         0         0         0         0         0         0         0       
   1         0         1        -0.029    -0.36      0.28      0         0         0         0         0         0         0         0         0         0         0         0       
   0         1         1        -0.3       0.21     -0.55     -0.47     -0.48     -0.0084    0         0         0         0         0         0         0         0         0       
   0        -1         1        -0.29     -0.093    -0.12     -0.027    -0.049    -0.31      0         0         0         0         0         0         0         0         0       
  -1         0         1        -0.61     -0.24     -0.2      -0.16     -0.2      -0.43      0         0         0         0         0         0         0         0         0       
   1         0         1         0.027     0.36     -0.46     -0.33     -0.33      0.12      0         0         0         0         0         0         0         0         0       
   0         1         1        -0.25      0.17     -0.078     0         0         0         0         0         0        -0.16     -0.12     -0.031     0         0         0       
   0        -1         1         0.13      0.043     0.055     0         0         0         0         0         0        -0.022    -0.013    -0.09      0         0         0       
  -1         0         1        -0.15     -0.084    -0.067     0         0         0         0         0         0        -0.088    -0.061    -0.17      0         0         0       
   1         0         1         0.028     0.3       0.044     0         0         0         0         0         0        -0.091    -0.073     0.048     0         0         0       
   0         1         1        -0.21      0.15     -0.3       0         0         0         0         0         0        -0.38     -0.34     -0.014     0         0         0       
   0        -1         1        -0.055    -0.084     0.003     0         0         0         0         0         0        -0.092    -0.051    -0.31      0         0         0       
  -1         0         1        -0.29     -0.19     -0.15      0         0         0         0         0         0        -0.19     -0.13     -0.35      0         0         0       
   1         0         1         0.022     0.26     -0.15      0         0         0         0         0         0        -0.29     -0.26      0.021     0         0         0       
   0         1         1        -0.17      0.12     -0.47      0         0         0         0         0         0        -0.55     -0.52      0.0065   -0.0074    0         0       
   0        -1         1        -0.19     -0.2      -0.027     0         0         0         0         0         0        -0.14     -0.078    -0.48     -0.074     0         0       
  -1         0         1        -0.38     -0.28     -0.22      0         0         0         0         0         0        -0.27     -0.2      -0.47     -0.093     0         0       
   1         0         1         0.015     0.21     -0.28      0         0         0         0         0         0        -0.43     -0.4      -0.011     0.012     0         0       
   0         0         0         0         0         0         0         0         0         0         0         0        -0.087    -0.12      0.13      0         0         0       
   0         0         0         0         0         0         0         0         0         0         0         0         0.15      0.13      0.096     0         0         0       
   0         0         0         0         0         0         0         0         0         0         0         0        -0.0075   -0.024     0.07      0         0         0       
   0         0         0         0         0         0         0         0         0         0         0         0         0.066     0.032     0.16      0         0         0       
   0         0         0         0         0         0         0         0         0         0         0         0        -0.12     -0.16      0.12      0         0         0       
   0         0         0         0         0         0         0         0         0         0         0         0         0.13      0.11      0.12      0         0         0       
   0         0         0         0         0         0         0         0         0         0         0         0        -0.031    -0.05      0.072     0         0         0       
   0         0         0         0         0         0         0         0         0         0         0         0         0.043     0.0051    0.17      0         0         0       
   0         0         0         0         0         0         0        -0.051     0.064     0         0         0         0         0         0         0         0         0       
   0         0         0         0         0         0         0         0.051     0.093     0         0         0         0         0         0         0         0         0       
   0         0         0         0         0         0         0         0.0053    0.026     0         0         0         0         0         0         0         0         0       
   0         0         0         0         0         0         0        -0.0053    0.13      0         0         0         0         0         0         0         0         0       
   0         0         0         0         0         0        -0.00022  -0.0063    0         0         0         0         0.11      0.14     -0.14      0         0         0       
   0         0         0         0         0         0         0.041     0.058     0         0         0         0         0.17      0.13      0.15      0         0         0       
   0         0         0         0         0         0         0.064     0.059     0         0         0         0         0.23      0.23     -0.035     0         0         0       
   0         0         0         0         0         0        -0.023    -0.0069    0         0         0         0         0.054     0.041     0.045     0         0         0       
   0         0         0         0         0         0         0         0         0         0         0.0011    0.0074    0         0         0         0         0         0       
   0         0         0         0         0         0         0         0         0         0        -0.0005    0.029     0         0         0         0         0         0       
   0         0         0         0         0         0         0         0         0         0         0.013     0.031     0         0         0         0         0         0       
   0         0         0         0         0         0         0         0         0         0        -0.012     0.005     0         0         0         0         0         0       
   0         0         0         0         0         0         0         0         0         0         0.0034   -0.035     0         0         0         0         0         0       
   0         0         0         0         0         0         0         0         0         0        -0.0035   -0.00027   0         0         0         0         0         0       
   0         0         0         0         0         0         0         0         0         0         0.014    -0.03      0         0         0         0         0         0       
   0         0         0         0         0         0         0         0         0         0        -0.014    -0.0051    0         0         0         0         0         0       
   0         0         0         0         0         0         0         0         0         0         0.0039   -0.03      0         0         0         0         0         0       
   0         0         0         0         0         0         0         0         0         0        -0.0031   -0.0019    0         0         0         0         0         0       
   0         0         0         0         0         0         0         0         0         0         0.013    -0.027     0         0         0         0         0         0       
   0         0         0         0         0         0         0         0         0         0        -0.012    -0.0055    0         0         0         0         0         0       
   0         0         0         0         0         0        -0.2      -0.18     -0.26      0.075     0         0         0.52      0.45      0.37      0.13      0         0       
   0         0         0         0         0         0        -0.38     -0.32      0.27     -0.041     0         0         0.44      0.48     -0.37     -0.13      0         0       
   0         0         0         0         0         0        -0.33     -0.28     -0.18     -0.071     0         0         0.49      0.42      0.31      0.074     0         0       
   0         0         0         0         0         0        -0.25     -0.21      0.19      0.11      0         0         0.48      0.51     -0.31     -0.074     0         0       
   0         0         0         0         0         0         0         0         0         0         0         0         0         0         0         0         0.0072    0.018   
   0         0         0         0         0         0         0         0         0         0         0         0         0         0         0         0        -0.0071    0.015   
   0         0         0         0         0         0         0         0         0         0         0         0         0         0         0         0         0.01     -0.001   
   0         0         0         0         0         0         0         0         0         0         0         0         0         0         0         0        -0.01      0.034   
   0         0         0         0         0         0         0         0         0         0         0         0         0         0         0         0        -0.0099   -0.021   
   0         0         0         0         0         0         0         0         0         0         0         0         0         0         0         0         0.0093   -0.016   
   0         0         0         0         0         0         0         0         0         0         0         0         0         0         0         0         0.0075   -0.0013  
   0         0         0         0         0         0         0         0         0         0         0         0         0         0         0         0        -0.0081   -0.035   
   0         0         0         0         0         0         0         0         0         0         0         0         0         0         0         0         0.008     0.02    
   0         0         0         0         0         0         0         0         0         0         0         0         0         0         0         0        -0.0078    0.015   
   0         0         0         0         0         0         0         0         0         0         0         0         0         0         0         0         0.012    -0.0037  
   0         0         0         0         0         0         0         0         0         0         0         0         0         0         0         0        -0.012     0.039   

IEFC_J
   0         0         0         0         0         0         0         0         0         1         0         0         0         0         0         0         0         0       
   0         0         0         0         0         0         0         0         0         0         0         0         0        -1         0         0         0         0       
   0         1         1         0.29     -0.21     -0.32      0         0         0         0         0         0         0         0         0         0         0         0       
   0        -1         1         0.074    -0.62      0.29      0         0         0         0         0         0         0         0         0         0         0         0       
  -1         0         1         0.4      -0.46     -0.31      0         0         0         0         0         0         0         0         0         0         0         0       
   1         0         1        -0.029    -0.36      0.28      0         0         0         0         0         0         0         0         0         0         0         0       
   0         1         1        -0.3       0.21     -0.55     -0.47     -0.48     -0.0084    0         0         0         0         0         0         0         0         0       
   0        -1         1        -0.29     -0.093    -0.12     -0.027    -0.049    -0.31      0         0         0         0         0         0         0         0         0       
  -1         0         1        -0.61     -0.24     -0.2      -0.16     -0.2      -0.43      0         0         0         0         0         0         0         0         0       
   1         0         1         0.027     0.36     -0.46     -0.33     -0.33      0.12      0         0         0         0         0         0         0         0         0       
   0         1         1        -0.25      0.17     -0.078     0         0         0         0         0         0        -0.16     -0.12     -0.031     0         0         0       
   0        -1         1         0.13      0.043     0.055     0         0         0         0         0         0        -0.022    -0.013    -0.09      0         0         0       
  -1         0         1        -0.15     -0.084    -0.067     0         0         0         0         0         0        -0.088    -0.061    -0.17      0         0         0       
   1         0         1         0.028     0.3       0.044     0         0         0         0         0         0        -0.091    -0.073     0.048     0         0         0       
   0         1         1        -0.21      0.15     -0.3       0         0         0         0         0         0        -0.38     -0.34     -0.014     0         0         0       
   0        -1         1        -0.055    -0.084     0.003     0         0         0         0         0         0        -0.092    -0.051    -0.31      0         0         0       
  -1         0         1        -0.29     -0.19     -0.15      0         0         0         0         0         0        -0.19     -0.13     -0.35      0         0         0       
   1         0         1         0.022     0.26     -0.15      0         0         0         0         0         0        -0.29     -0.26      0.021     0         0         0       
   0         1         1        -0.17      0.12     -0.47      0         0         0         0         0         0        -0.55     -0.52      0.0065   -0.0074    0         0       
   0        -1         1        -0.19     -0.2      -0.027     0         0         0         0         0         0        -0.14     -0.078    -0.48     -0.074     0         0       
  -1         0         1        -0.38     -0.28     -0.22      0         0         0         0         0         0        -0.27     -0.2      -0.47     -0.093     0         0       
   1         0         1         0.015     0.21     -0.28      0         0         0         0         0         0        -0.43     -0.4      -0.011     0.012     0         0       
   0         0         0         0         0         0         0         0         0         0         0         0        -0.087    -0.12      0.13      0         0         0       
   0         0         0         0         0         0         0         0         0         0         0         0         0.15      0.13      0.096     0         0         0       
   0         0         0         0         0         0         0         0         0         0         0         0        -0.0075   -0.024     0.07      0         0         0       
   0         0         0         0         0         0         0         0         0         0         0         0         0.066     0.032     0.16      0         0         0       
   0         0         0         0         0         0         0         0         0         0         0         0        -0.12     -0.16      0.12      0         0         0       
   0         0         0         0         0         0         0         0         0         0         0         0         0.13      0.11      0.12      0         0         0       
   0         0         0         0         0         0         0         0         0         0         0         0        -0.031    -0.05      0.072     0         0         0       
   0         0         0         0         0         0         0         0         0         0         0         0         0.043     0.0051    0.17      0         0         0       
   0         0         0         0         0         0         0        -0.051     0.064     0         0         0         0         0         0         0         0         0       
   0         0         0         0         0         0         0         0.051     0.093     0         0         0         0         0         0         0         0         0       
   0         0         0         0         0         0         0         0.0053    0.026     0         0         0         0         0         0         0         0         0       
   0         0         0         0         0         0         0        -0.0053    0.13      0         0         0         0         0         0         0         0         0       
   0         0         0         0         0         0        -0.00022  -0.0063    0         0         0         0         0.11      0.14     -0.14      0         0         0       
   0         0         0         0         0         0         0.041     0.058     0         0         0         0         0.17      0.13      0.15      0         0         0       
   0         0         0         0         0         0         0.064     0.059     0         0         0         0         0.23      0.23     -0.035     0         0         0       
   0         0         0         0         0         0        -0.023    -0.0069    0         0         0         0         0.054     0.041     0.045     0         0         0       
   0         0         0         0         0         0         0         0         0         0         0.0011    0.0074    0         0         0         0         0         0       
   0         0         0         0         0         0         0         0         0         0        -0.0005    0.029     0         0         0         0         0         0       
   0         0         0         0         0         0         0         0         0         0         0.013     0.031     0         0         0         0         0         0       
   0         0         0         0         0         0         0         0         0         0        -0.012     0.005     0         0         0         0         0         0       
   0         0         0         0         0         0         0         0         0         0         0.0034   -0.035     0         0         0         0         0         0       
   0         0         0         0         0         0         0         0         0         0        -0.0035   -0.00027   0         0         0         0         0         0       
   0         0         0         0         0         0         0         0         0         0         0.014    -0.03      0         0         0         0         0         0       
   0         0         0         0         0         0         0         0         0         0        -0.014    -0.0051    0         0         0         0         0         0       
   0         0         0         0         0         0         0         0         0         0         0.0039   -0.03      0         0         0         0         0         0       
   0         0         0         0         0         0         0         0         0         0        -0.0031   -0.0019    0         0         0         0         0         0       
   0         0         0         0         0         0         0         0         0         0         0.013    -0.027     0         0         0         0         0         0       
   0         0         0         0         0         0         0         0         0         0        -0.012    -0.0055    0         0         0         0         0         0       
   0         0         0         0         0         0        -0.2      -0.18     -0.26      0.075     0         0         0.52      0.45      0.37      0.13      0         0       
   0         0         0         0         0         0        -0.38     -0.32      0.27     -0.041     0         0         0.44      0.48     -0.37     -0.13      0         0       
   0         0         0         0         0         0        -0.33     -0.28     -0.18     -0.071     0         0         0.49      0.42      0.31      0.074     0         0       
   0         0         0         0         0         0        -0.25     -0.21      0.19      0.11      0         0         0.48      0.51     -0.31     -0.074     0         0       
   0         0         0         0         0         0         0         0         0         0         0         0         0         0         0         0         0.0072    0.018   
   0         0         0         0         0         0         0         0         0         0         0         0         0         0         0         0        -0.0071    0.015   
   0         0         0         0         0         0         0         0         0         0         0         0         0         0         0         0         0.01     -0.001   
   0         0         0         0         0         0         0         0         0         0         0         0         0         0         0         0        -0.01      0.034   
   0         0         0         0         0         0         0         0         0         0         0         0         0         0         0         0        -0.0099   -0.021   
   0         0         0         0         0         0         0         0         0         0         0         0         0         0         0         0         0.0093   -0.016   
   0         0         0         0         0         0         0         0         0         0         0         0         0         0         0         0         0.0075   -0.0013  
   0         0         0         0         0         0         0         0         0         0         0         0         0         0         0         0        -0.0081   -0.035   
   0         0         0         0         0         0         0         0         0         0         0         0         0         0         0         0         0.008     0.02    
   0         0         0         0         0         0         0         0         0         0         0         0         0         0         0         0        -0.0078    0.015   
   0         0         0         0         0         0         0         0         0         0         0         0         0         0         0         0         0.012    -0.0037  
   0         0         0         0         0         0         0         0         0         0         0         0         0         0         0         0        -0.012     0.039   

EFC_POS
  -0.012   
  -0.0063  
  -0.00015 
  -0.00015 
  -0.00015 
  -0.00015 
  -7.1e-05 
  -7.1e-05 
  -7.1e-05 
  -7.1e-05 
  -0.00048 
  -0.00048 
  -0.00048 
  -0.00048 
  -5.2e-05 
  -5.2e-05 
  -5.2e-05 
  -5.2e-05 
  -0.00039 
  -0.00039 
  -0.00039 
  -0.00039 
  -0.00041 
  -0.00041 
  -0.00041 
  -0.00041 
  -0.00013 
  -0.00013 
  -0.00013 
  -0.00013 
  -0.00061 
  -0.00061 
  -0.00061 
  -0.00061 
  -0.00042 
  -0.00042 
  -0.00042 
  -0.00042 
  -0.011   
  -0.011   
  -0.011   
  -0.011   
  -0.0032  
  -0.0032  
  -0.0032  
  -0.0032  
  -0.0088  
  -0.0088  
  -0.0088  
  -0.0088  
  -0.00037 
  -0.00037 
  -0.00037 
  -0.00037 
  -0.0088  
  -0.0088  
  -0.0088  
  -0.0088  
  -0.011   
  -0.011   
  -0.011   
  -0.011   
  -0.0032  
  -0.0032  
  -0.0032  
  -0.0032  

EFC_MARGIN
   0       
   0       
   0       
   0       
   0       
   0       
   0       
   0       
   0       
   0       
   0       
   0       
   0       
   0       
   0       
   0       
   0       
   0       
   0       
   0       
   0       
   0       
   0       
   0       
   0       
   0       
   0       
   0       
   0       
   0       
   0       
   0       
   0       
   0       
   0       
   0       
   0       
   0       
   0       
   0       
   0       
   0       
   0       
   0       
   0       
   0       
   0       
   0       
   0       
   0       
   0       
   0       
   0       
   0       
   0       
   0       
   0       
   0       
   0       
   0       
   0       
   0       
   0       
   0       
   0       
   0       

EFC_FRICTIONLOSS
   0       
   0       
   0       
   0       
   0       
   0       
   0       
   0       
   0       
   0       
   0       
   0       
   0       
   0       
   0       
   0       
   0       
   0       
   0       
   0       
   0       
   0       
   0       
   0       
   0       
   0       
   0       
   0       
   0       
   0       
   0       
   0       
   0       
   0       
   0       
   0       
   0       
   0       
   0       
   0       
   0       
   0       
   0       
   0       
   0       
   0       
   0       
   0       
   0       
   0       
   0       
   0       
   0       
   0       
   0       
   0       
   0       
   0       
   0       
   0       
   0       
   0       
   0       
   0       
   0       
   0       

EFC_DIAGAPPROX
   59      
   3e+02   
   0.28    
   0.28    
   0.28    
   0.28    
   0.43    
   0.43    
   0.43    
   0.43    
   0.43    
   0.43    
   0.43    
   0.43    
   0.43    
   0.43    
   0.43    
   0.43    
   1.9     
   1.9     
   1.9     
   1.9     
   0.71    
   0.71    
   0.71    
   0.71    
   0.71    
   0.71    
   0.71    
   0.71    
   0.89    
   0.89    
   0.89    
   0.89    
   0.87    
   0.87    
   0.87    
   0.87    
   13      
   13      
   13      
   13      
   13      
   13      
   13      
   13      
   13      
   13      
   13      
   13      
   3.9     
   3.9     
   3.9     
   3.9     
   12      
   12      
   12      
   12      
   12      
   12      
   12      
   12      
   12      
   12      
   12      
   12      

EFC_KBIP
   2.8e+03   1.1e+02   0.95      0       
   2.8e+03   1.1e+02   0.95      0       
   2.8e+03   1.1e+02   0.9      -30      
   2.8e+03   1.1e+02   0.9      -30      
   2.8e+03   1.1e+02   0.9      -30      
   2.8e+03   1.1e+02   0.9      -30      
   2.8e+03   1.1e+02   0.9      -14      
   2.8e+03   1.1e+02   0.9      -14      
   2.8e+03   1.1e+02   0.9      -14      
   2.8e+03   1.1e+02   0.9      -14      
   2.8e+03   1.1e+02   0.92     -95      
   2.8e+03   1.1e+02   0.92     -95      
   2.8e+03   1.1e+02   0.92     -95      
   2.8e+03   1.1e+02   0.92     -95      
   2.8e+03   1.1e+02   0.9      -10      
   2.8e+03   1.1e+02   0.9      -10      
   2.8e+03   1.1e+02   0.9      -10      
   2.8e+03   1.1e+02   0.9      -10      
   2.8e+03   1.1e+02   0.92     -79      
   2.8e+03   1.1e+02   0.92     -79      
   2.8e+03   1.1e+02   0.92     -79      
   2.8e+03   1.1e+02   0.92     -79      
   2.8e+03   1.1e+02   0.92     -82      
   2.8e+03   1.1e+02   0.92     -82      
   2.8e+03   1.1e+02   0.92     -82      
   2.8e+03   1.1e+02   0.92     -82      
   2.8e+03   1.1e+02   0.9      -26      
   2.8e+03   1.1e+02   0.9      -26      
   2.8e+03   1.1e+02   0.9      -26      
   2.8e+03   1.1e+02   0.9      -26      
   2.8e+03   1.1e+02   0.94     -77      
   2.8e+03   1.1e+02   0.94     -77      
   2.8e+03   1.1e+02   0.94     -77      
   2.8e+03   1.1e+02   0.94     -77      
   2.8e+03   1.1e+02   0.92     -84      
   2.8e+03   1.1e+02   0.92     -84      
   2.8e+03   1.1e+02   0.92     -84      
   2.8e+03   1.1e+02   0.92     -84      
   2.8e+03   1.1e+02   0.95      0       
   2.8e+03   1.1e+02   0.95      0       
   2.8e+03   1.1e+02   0.95      0       
   2.8e+03   1.1e+02   0.95      0       
   2.8e+03   1.1e+02   0.95      0       
   2.8e+03   1.1e+02   0.95      0       
   2.8e+03   1.1e+02   0.95      0       
   2.8e+03   1.1e+02   0.95      0       
   2.8e+03   1.1e+02   0.95      0       
   2.8e+03   1.1e+02   0.95      0       
   2.8e+03   1.1e+02   0.95      0       
   2.8e+03   1.1e+02   0.95      0       
   2.8e+03   1.1e+02   0.91     -73      
   2.8e+03   1.1e+02   0.91     -73      
   2.8e+03   1.1e+02   0.91     -73      
   2.8e+03   1.1e+02   0.91     -73      
   2.8e+03   1.1e+02   0.95      0       
   2.8e+03   1.1e+02   0.95      0       
   2.8e+03   1.1e+02   0.95      0       
   2.8e+03   1.1e+02   0.95      0       
   2.8e+03   1.1e+02   0.95      0       
   2.8e+03   1.1e+02   0.95      0       
   2.8e+03   1.1e+02   0.95      0       
   2.8e+03   1.1e+02   0.95      0       
   2.8e+03   1.1e+02   0.95      0       
   2.8e+03   1.1e+02   0.95      0       
   2.8e+03   1.1e+02   0.95      0       
   2.8e+03   1.1e+02   0.95      0       

EFC_D
   0.32    
   0.064   
   32      
   32      
   32      
   32      
   21      
   21      
   21      
   21      
   28      
   28      
   28      
   28      
   21      
   21      
   21      
   21      
   5.6     
   5.6     
   5.6     
   5.6     
   15      
   15      
   15      
   15      
   13      
   13      
   13      
   13      
   16      
   16      
   16      
   16      
   13      
   13      
   13      
   13      
   1.5     
   1.5     
   1.5     
   1.5     
   1.5     
   1.5     
   1.5     
   1.5     
   1.5     
   1.5     
   1.5     
   1.5     
   2.7     
   2.7     
   2.7     
   2.7     
   1.6     
   1.6     
   1.6     
   1.6     
   1.6     
   1.6     
   1.6     
   1.6     
   1.6     
   1.6     
   1.6     
   1.6     

EFC_R
   3.1     
   16      
   0.031   
   0.031   
   0.031   
   0.031   
   0.047   
   0.047   
   0.047   
   0.047   
   0.036   
   0.036   
   0.036   
   0.036   
   0.047   
   0.047   
   0.047   
   0.047   
   0.18    
   0.18    
   0.18    
   0.18    
   0.065   
   0.065   
   0.065   
   0.065   
   0.078   
   0.078   
   0.078   
   0.078   
   0.062   
   0.062   
   0.062   
   0.062   
   0.078   
   0.078   
   0.078   
   0.078   
   0.66    
   0.66    
   0.66    
   0.66    
   0.66    
   0.66    
   0.66    
   0.66    
   0.66    
   0.66    
   0.66    
   0.66    
   0.37    
   0.37    
   0.37    
   0.37    
   0.64    
   0.64    
   0.64    
   0.64    
   0.64    
   0.64    
   0.64    
   0.64    
   0.64    
   0.64    
   0.64    
   0.64    

ACTUATOR_VELOCITY
   0.033   
  -0.033   
   0.0011  
  -0.071   
  -6.3     
   1.1     
  -0.0017  
   0.005   
   0.0041  
  -0.15    
   4.9     
  -0.042   

CVEL
   0         0         0         0         0         0       
  -5.3e-06  -2.7e-05   4.9e-06  -7.6e-06   1.6e-06   4.7e-06 
  -0.00022  -0.00018   0.00021   1.3e-05  -1.2e-05   1.6e-05 
   6.4e-05  -8.3e-05   6.3e-05  -2.3e-06  -6.5e-06  -9.5e-06 
   6.2e-05  -8.9e-05   5.4e-05  -3.6e-06  -5.6e-06  -9.8e-06 
  -1.6e-05  -0.00035  -0.00033  -0.00017  -5.5e-05   5.7e-05 
   0.017     0.058     0.085     0.0096    0.018    -0.015   
   0.0022    0.068     0.082     0.0089    0.017    -0.015   
   3.2e-06  -1.6e-05  -4.1e-06  -6e-06     2.4e-06   7.4e-06 
  -7e-06    -5.4e-05   2.7e-05  -1.1e-05  -2.7e-06  -6.1e-07 
  -2e-05    -7.4e-05  -6.2e-06  -1.2e-05   5.3e-06  -5.3e-06 
   0.0003    0.00043   0.00082   0.00018   2.5e-05  -9.4e-05 
  -0.025    -0.04     -0.065    -0.023    -0.017     0.019   
  -0.025    -0.039    -0.066    -0.023    -0.017     0.019   

CDOF_DOT
   0         0         0         0         0         0       
   0         0         0         0         0         0       
   0         0         0         0         0         0       
   0         0         0        -9.1e-07  -1e-05     2e-06   
   0         0        -0         4.6e-06   3.4e-07   5.5e-06 
   0        -0         0         4.9e-06   9.4e-07   5.7e-06 
  -1.5e-05   2.2e-07  -1.5e-05   2.4e-06   2.3e-06   6.4e-06 
  -1.9e-05  -8.2e-05  -8.9e-05  -1.1e-05   7.1e-06  -2e-06   
   0.0001    4.2e-05  -5e-05    -2.5e-06  -5.7e-06  -4.3e-06 
  -0.0001   -4.2e-05   5e-05     7.8e-06   2.9e-05   3.6e-05 
   0.0001    4.2e-05  -5e-05    -3.1e-05  -0.00011   5.3e-05 
  -0.056    -0.068     0.057     0.0091    0.011     0.021   
  -1.1e-05   3.5e-07  -1e-05     8.6e-06   3.9e-07   3.6e-06 
  -1.3e-05  -1.2e-06  -5.6e-06   9.1e-06   3.2e-06   3e-06   
   5.7e-05  -1.4e-05  -1.3e-05   2.6e-06  -1e-05     2.6e-06 
   5.7e-05  -1.4e-05  -1.3e-05  -1.3e-05  -5.2e-06  -6.2e-06 
   5.7e-05  -1.4e-05  -1.3e-05   0.00021  -0.00012  -2.7e-05 
  -0.076     0.014     0.021     0.0074    0.015     0.017   

QFRC_BIAS
  -6.5e-06 
   2.3e-05 
   2.3e+02 
  -9.2     
  -5.1     
  -15      
  -5.6     
  -5       
  -4.2     
  -0.024   
   0.023   
   0.03    
  -7.9     
  -6.9     
  -5.6     
  -0.91    
  -0.033   
  -0.029   

QFRC_SPRING
   0       
   0       
   0       
   0       
   0       
   0       
   0       
   0       
   0       
   0       
   0       
   0       
   0       
   0       
   0       
   0       
   0       
   0       

QFRC_DAMPER
   0       
   0       
   0       
   0       
   0       
   0       
   0       
   0       
   0       
   0       
   0       
   0       
   0       
   0       
   0       
   0       
   0       
   0       

QFRC_GRAVCOMP
   0       
   0       
   0       
   0       
   0       
   0       
   0       
   0       
   0       
   0       
   0       
   0       
   0       
   0       
   0       
   0       
   0       
   0       

QFRC_FLUID
   0       
   0       
   0       
   0       
   0       
   0       
   0       
   0       
   0       
   0       
   0       
   0       
   0       
   0       
   0       
   0       
   0       
   0       

QFRC_PASSIVE
   0       
   0       
   0       
   0       
   0       
   0       
   0       
   0       
   0       
   0       
   0       
   0       
   0       
   0       
   0       
   0       
   0       
   0       

EFC_VEL
  -0.00047 
  -5e-05   
  -1.5e-06 
  -1.7e-07 
   2.3e-07 
  -1.9e-06 
   2e-06   
   3.6e-06 
   1e-05   
  -4.9e-06 
   4.7e-06 
   2.8e-06 
   2.6e-06 
   4.9e-06 
  -7.2e-06 
  -1.1e-05 
  -1.1e-05 
  -7.3e-06 
  -8.8e-06 
   5.3e-05 
   7.3e-05 
  -2.9e-05 
   7.9e-07 
   8.2e-06 
   1.8e-06 
   7.2e-06 
  -9.1e-07 
   8.5e-06 
   1e-06   
   6.6e-06 
   1.8e-05 
  -1.6e-05 
  -1.5e-06 
   3.2e-06 
   1.4e-06 
   3.9e-06 
   7.9e-06 
  -2.5e-06 
   1.8e-05 
   0.00059 
  -0.00076 
   0.0014  
  -0.001   
   0.00037 
  -0.002   
   0.0014  
  -0.00096 
   0.00029 
  -0.0018  
   0.0011  
  -0.00015 
   0.00013 
  -3.3e-05 
   1.8e-05 
   0.00057 
  -0.00059 
   0.00083 
  -0.00084 
  -0.00079 
   0.00077 
   0.00061 
  -0.00064 
   0.00064 
  -0.00065 
   0.00099 
  -0.001   

EFC_AREF
   30      
   17      
   0.38    
   0.38    
   0.38    
   0.38    
   0.18    
   0.18    
   0.18    
   0.18    
   1.2     
   1.2     
   1.2     
   1.2     
   0.13    
   0.13    
   0.13    
   0.13    
   1       
   0.99    
   0.99    
   1       
   1       
   1       
   1       
   1       
   0.33    
   0.32    
   0.33    
   0.33    
   1.6     
   1.6     
   1.6     
   1.6     
   1.1     
   1.1     
   1.1     
   1.1     
   29      
   29      
   29      
   29      
   8.6     
   8.5     
   8.7     
   8.4     
   23      
   23      
   23      
   23      
   0.95    
   0.92    
   0.93    
   0.93    
   23      
   23      
   23      
   23      
   29      
   29      
   29      
   29      
   8.5     
   8.6     
   8.4     
   8.6     

SUBTREE_LINVEL
   0         0         0       
   0         0         0       
   0         0         0       
   0         0         0       
   0         0         0       
   0         0         0       
   0         0         0       
   0         0         0       
   0         0         0       
   0         0         0       
   0         0         0       
   0         0         0       
   0         0         0       
   0         0         0       

SUBTREE_ANGMOM
   0         0         0       
   0         0         0       
   0         0         0       
   0         0         0       
   0         0         0       
   0         0         0       
   0         0         0       
   0         0         0       
   0         0         0       
   0         0         0       
   0         0         0       
   0         0         0       
   0         0         0       
   0         0         0       

ACTUATOR_FORCE
   0       
   0       
  -0.81    
  -1       
   0       
   0       
   0       
   0       
   0       
   0       
   0       
   0       

QFRC_ACTUATOR
   0       
   0       
   0       
   0       
   0       
   0       
   0       
   0       
  -10      
  -10      
   0       
   0       
   0       
   0       
   0       
   0       
   0       
   0       

QFRC_SMOOTH
   6.5e-06 
  -2.3e-05 
  -2.3e+02 
   9.2     
   5.1     
   15      
   5.6     
   5       
  -5.8     
  -10      
  -0.023   
  -0.03    
   7.9     
   6.9     
   5.6     
   0.91    
   0.033   
   0.029   

QACC_SMOOTH
   3.4     
   0.54    
  -12      
   26      
   18      
  -5.7     
  -1.9e+02 
   2.1e+02 
  -1.3e+02 
  -4.8e+02 
  -1.8e+03 
  -4.5e+02 
   37      
  -33      
  -42      
   27      
  -1e+02   
  -3.3     

EFC_B
  -5.1e+02 
   17      
  -5.8     
  -23      
  -12      
  -17      
  -21      
   14      
   12      
  -19      
  -16      
  -6.2     
  -15      
  -6.6     
  -14      
  -3.8     
  -13      
  -5.1     
  -15      
  -5.5     
  -16      
  -5.2     
  -5.7     
  -4.2     
  -3.4     
  -6.5     
  -4.5     
  -4.4     
  -2.8     
  -6.1     
  -21      
  -3.2     
  -3.9     
  -20      
   2.9     
  -1.1     
   1.1     
   0.73    
  -34      
  -41      
  -66      
  -9.7     
   1.2     
  -2.1     
  -20      
   19      
  -17      
  -17      
  -34      
   0.33    
  -9.9     
   2.7     
   53      
  -60      
  -24      
  -23      
  -24      
  -22      
  -28      
  -30      
  -30      
  -28      
  -9.3     
  -7.9     
  -9.6     
  -7.6     

EFC_FORCE
   9.7     
   1.1     
   12      
   12      
   12      
   12      
   3.7     
   3.8     
   3.8     
   3.7     
   34      
   34      
   34      
   34      
   2.7     
   2.7     
   2.7     
   2.7     
   5.6     
   5.7     
   5.7     
   5.6     
   16      
   16      
   16      
   16      
   4.2     
   4.2     
   4.2     
   4.2     
   26      
   26      
   26      
   26      
   14      
   14      
   14      
   14      
   44      
   44      
   43      
   45      
   13      
   13      
   12      
   14      
   35      
   35      
   35      
   36      
   2.5     
   2.6     
   2.6     
   2.5     
   36      
   36      
   37      
   36      
   45      
   46      
   45      
   46      
   13      
   13      
   13      
   13      

EFC_STATE
  1
  0
  1
  1
  1
  1
  1
  0
  0
  1
  1
  1
  1
  1
  1
  1
  1
  1
  1
  1
  1
  1
  1
  1
  1
  1
  1
  1
  1
  1
  1
  1
  1
  1
  0
  1
  0
  0
  1
  1
  1
  1
  0
  1
  1
  0
  1
  1
  1
  0
  1
  0
  0
  1
  1
  1
  1
  1
  1
  1
  1
  1
  1
  1
  1
  1

QFRC_CONSTRAINT
  -0.24    
  -0.081   
   2.3e+02 
  -9.3     
  -5.1     
  -15      
  -5.6     
  -5       
   5.8     
   9.9     
   0.047   
   0.031   
  -7.9     
  -6.9     
  -5.6     
  -0.92    
  -0.038   
  -0.029   

QFRC_INVERSE
   0       
   0       
   0       
   0       
   0       
   0       
   0       
   0       
   0       
   0       
   0       
   0       
   0       
   0       
   0       
   0       
   0       
   0       

CACC
   0         0         0         0         0         0       
   0         0         0         0         0         0       
   0         0         0         0         0         0       
   0         0         0         0         0         0       
   0         0         0         0         0         0       
   0         0         0         0         0         0       
   0         0         0         0         0         0       
   0         0         0         0         0         0       
   0         0         0         0         0         0       
   0         0         0         0         0         0       
   0         0         0         0         0         0       
   0         0         0         0         0         0       
   0         0         0         0         0         0       
   0         0         0         0         0         0       

CFRC_INT
   0         0         0         0         0         0       
   0         0         0         0         0         0       
   0         0         0         0         0         0       
   0         0         0         0         0         0       
   0         0         0         0         0         0       
   0         0         0         0         0         0       
   0         0         0         0         0         0       
   0         0         0         0         0         0       
   0         0         0         0         0         0       
   0         0         0         0         0         0       
   0         0         0         0         0         0       
   0         0         0         0         0         0       
   0         0         0         0         0         0       
   0         0         0         0         0         0       

CFRC_EXT
   0         0         0         0         0         0       
   0         0         0         0         0         0       
   0         0         0         0         0         0       
   0         0         0         0         0         0       
   0         0         0         0         0         0       
   0         0         0         0         0         0       
   0         0         0         0         0         0       
   0         0         0         0         0         0       
   0         0         0         0         0         0       
   0         0         0         0         0         0       
   0         0         0         0         0         0       
   0         0         0         0         0         0       
   0         0         0         0         0         0       
   0         0         0         0         0         0       

TREE_ISLAND
  0

ISLAND_NTREE
  1

ISLAND_ITREEADR
  0

MAP_ITREE2TREE
  0

DOF_ISLAND            0 0 0 0 0 0 0 0 0 0 0 0 0 0 0 0 0 0

ISLAND_NV             18

ISLAND_IDOFADR        0

MAP_IDOF2DOF          0 1 2 3 4 5 6 7 8 9 10 11 12 13 14 15 16 17

EFC_ISLAND            0 0 0 0 0 0 0 0 0 0 0 0 0 0 0 0 0 0 0 0 0 0 0 0 0 0 0 0 0 0 0 0 0 0 0 0 0 0 0 0 0 0 0 0 0 0 0 0 0 0 0 0 0 0 0 0 0 0 0 0 0 0 0 0 0 0

ISLAND_NEFC           66

ISLAND_IEFCADR        0

MAP_IEFC2EFC          0 1 2 3 4 5 6 7 8 9 10 11 12 13 14 15 16 17 18 19 20 21 22 23 24 25 26 27 28 29 30 31 32 33 34 35 36 37 38 39 40 41 42 43 44 45 46 47 48 49 50 51 52 53 54 55 56 57 58 59 60 61 62 63 64 65

